{
  "feature_names": [
    "symmetry_ratio.Front / Hind.stance_time",
    "symmetry_ratio.Left Hind / Right Hind.stance_time",
    "symmetry_ratio.Left / Right.stance_time",
    "symmetry_ratio.Left Front / Right Front.stance_time",
    "symmetry_ratio.Front / Hind.stride_length",
    "symmetry_ratio.Front / Hind.stride_time",
    "symmetry_ratio.Left Front / Right Front.stride_length",
    "symmetry_ratio.Left Front / Right Front.stride_time",
    "symmetry_ratio.Left Hind / Right Hind.stride_length",
    "symmetry_ratio.Left Hind / Right Hind.stride_time",
    "symmetry_ratio.Left / Right.stride_length",
    "symmetry_ratio.Left / Right.stride_time",
    "cluster_label"
  ],
  "correlation_matrix": [
    [
      1.0,
      0.15811530120687056,
      -0.07842835300937236,
      -0.3011680195939327,
      0.08080347763883952,
      0.081657737824534,
      0.10364130007836123,
      0.09907286481552124,
      -0.011797850192183577,
      0.049966189171037796,
      0.02982574434635194,
      0.021360302433467933,
      0.13092364637639672
    ],
    [
      0.15811530120687056,
      1.0,
      0.7695672368090125,
      0.3088187384583455,
      0.4873376821571989,
      0.44413658291665176,
      0.17715040940409968,
      0.18093737765737117,
      0.19480762005100385,
      0.1824351321685149,
      0.31749982666523135,
      0.29773724408306895,
      0.16628811605122065
    ],
    [
      -0.07842835300937236,
      0.7695672368090124,
      1.0,
      0.8299510231975226,
      0.4798956552369415,
      0.4868464584047261,
      0.1645233822346929,
      0.18574414077758747,
      0.31434424099038555,
      0.30730046987098786,
      0.35670040604122843,
      0.3862722637641093,
      0.21908655350961997
    ],
    [
      -0.30116801959393275,
      0.3088187384583455,
      0.8299510231975226,
      1.0,
      0.24431483750672855,
      0.30391633181003436,
      0.09996912215923005,
      0.12079688250278628,
      0.257094319414195,
      0.2558326506228951,
      0.24135981907815374,
      0.29535947621747755,
      0.15901920168464864
    ],
    [
      0.08080347763883952,
      0.4873376821571989,
      0.4798956552369415,
      0.24431483750672855,
      1.0,
      0.9047663892193053,
      0.2961497766271765,
      0.3039050308542656,
      0.3931466663332552,
      0.42861817260797963,
      0.5720553119757827,
      0.6116206299302551,
      0.31593364816709696
    ],
    [
      0.081657737824534,
      0.44413658291665176,
      0.4868464584047262,
      0.30391633181003436,
      0.9047663892193053,
      1.0,
      0.40712077819605497,
      0.4190488607507913,
      0.4806000140677433,
      0.5108135930093024,
      0.5943190875658593,
      0.5876931997880269,
      0.42838746682696494
    ],
    [
      0.10364130007836121,
      0.17715040940409968,
      0.1645233822346929,
      0.09996912215923007,
      0.2961497766271765,
      0.407120778196055,
      1.0,
      0.9576863471208397,
      0.5734352439745015,
      0.5910568415092564,
      0.726509518808426,
      0.6074285793298144,
      0.9097267480600802
    ],
    [
      0.09907286481552124,
      0.18093737765737114,
      0.18574414077758747,
      0.12079688250278627,
      0.3039050308542656,
      0.41904886075079123,
      0.9576863471208397,
      1.0,
      0.6337958395884352,
      0.6302434839688779,
      0.7113660158630006,
      0.6340401758922954,
      0.9387501126993649
    ],
    [
      -0.011797850192183577,
      0.19480762005100388,
      0.31434424099038555,
      0.257094319414195,
      0.3931466663332552,
      0.4806000140677432,
      0.5734352439745015,
      0.6337958395884352,
      1.0,
      0.9399079718601432,
      0.6988638271835772,
      0.6484004633034375,
      0.7159874588192354
    ],
    [
      0.049966189171037796,
      0.18243513216851492,
      0.3073004698709878,
      0.2558326506228951,
      0.42861817260797963,
      0.5108135930093024,
      0.5910568415092564,
      0.6302434839688779,
      0.9399079718601432,
      1.0,
      0.6719253680075591,
      0.6909007454974135,
      0.7117183398658329
    ],
    [
      0.029825744346351938,
      0.3174998266652313,
      0.35670040604122843,
      0.2413598190781537,
      0.5720553119757826,
      0.5943190875658594,
      0.726509518808426,
      0.7113660158630006,
      0.6988638271835772,
      0.6719253680075591,
      1.0,
      0.9383475278913785,
      0.6938062476900075
    ],
    [
      0.021360302433467933,
      0.297737244083069,
      0.3862722637641093,
      0.29535947621747755,
      0.6116206299302551,
      0.5876931997880269,
      0.6074285793298144,
      0.6340401758922954,
      0.6484004633034374,
      0.6909007454974135,
      0.9383475278913785,
      1.0,
      0.6136424828182088
    ],
    [
      0.13092364637639672,
      0.16628811605122065,
      0.21908655350961997,
      0.15901920168464864,
      0.315933648167097,
      0.42838746682696494,
      0.9097267480600804,
      0.9387501126993648,
      0.7159874588192354,
      0.7117183398658328,
      0.6938062476900075,
      0.6136424828182088,
      1.0
    ]
  ],
  "top_abs_correlations": [
    {
      "feature_a": "symmetry_ratio.Left Front / Right Front.stride_length",
      "feature_b": "symmetry_ratio.Left Front / Right Front.stride_time",
      "correlation": 0.9576863471208397,
      "abs_correlation": 0.9576863471208397
    },
    {
      "feature_a": "symmetry_ratio.Left Hind / Right Hind.stride_length",
      "feature_b": "symmetry_ratio.Left Hind / Right Hind.stride_time",
      "correlation": 0.9399079718601432,
      "abs_correlation": 0.9399079718601432
    },
    {
      "feature_a": "symmetry_ratio.Left Front / Right Front.stride_time",
      "feature_b": "cluster_label",
      "correlation": 0.9387501126993649,
      "abs_correlation": 0.9387501126993649
    },
    {
      "feature_a": "symmetry_ratio.Left / Right.stride_length",
      "feature_b": "symmetry_ratio.Left / Right.stride_time",
      "correlation": 0.9383475278913785,
      "abs_correlation": 0.9383475278913785
    },
    {
      "feature_a": "symmetry_ratio.Left Front / Right Front.stride_length",
      "feature_b": "cluster_label",
      "correlation": 0.9097267480600802,
      "abs_correlation": 0.9097267480600802
    },
    {
      "feature_a": "symmetry_ratio.Front / Hind.stride_length",
      "feature_b": "symmetry_ratio.Front / Hind.stride_time",
      "correlation": 0.9047663892193053,
      "abs_correlation": 0.9047663892193053
    },
    {
      "feature_a": "symmetry_ratio.Left / Right.stance_time",
      "feature_b": "symmetry_ratio.Left Front / Right Front.stance_time",
      "correlation": 0.8299510231975226,
      "abs_correlation": 0.8299510231975226
    },
    {
      "feature_a": "symmetry_ratio.Left Hind / Right Hind.stance_time",
      "feature_b": "symmetry_ratio.Left / Right.stance_time",
      "correlation": 0.7695672368090125,
      "abs_correlation": 0.7695672368090125
    },
    {
      "feature_a": "symmetry_ratio.Left Front / Right Front.stride_length",
      "feature_b": "symmetry_ratio.Left / Right.stride_length",
      "correlation": 0.726509518808426,
      "abs_correlation": 0.726509518808426
    },
    {
      "feature_a": "symmetry_ratio.Left Hind / Right Hind.stride_length",
      "feature_b": "cluster_label",
      "correlation": 0.7159874588192354,
      "abs_correlation": 0.7159874588192354
    }
  ],
  "constant_features": [],
  "aggregator": "aggregate_sequence"
}